0,5.752830508573407e-11,3.141592653589793
0.031415926535897934,5.7506993640801227e-11,-3.0944586065911523
0.06283185307179587,5.744309629234309e-11,-3.047301296318622
0.0942477796076938,5.7336724074311627e-11,-3.0000973443751575
0.12566370614359174,5.7188062294347113e-11,-2.9528231412446893
0.15707963267948966,5.6997370914821365e-11,-2.9054547285482717
0.18849555921538758,5.6764985095271485e-11,-2.8579676786722343
0.2199114857512855,5.649131590535844e-11,-2.8103369708824015
0.2513274122871834,5.617685122022793e-11,-2.7625368630327505
0.28274333882308134,5.582215681312084e-11,-2.714540757973526
0.31415926535897926,5.5427877663152466e-11,-2.6663210637658876
0.3455751918948772,5.499473949946172e-11,-2.6178490468215814
0.3769911184307751,5.4523550606412405e-11,-2.5690946771123033
0.408407044966673,5.401520391823095e-11,-2.520026464641789
0.43982297150257094,5.3470679435373663e-11,-2.4706112864533334
0.47123889803846886,5.289104699901797e-11,-2.4208142035692997
0.5026548245743668,5.2277469464272643e-11,-2.3705982674429205
0.5340707511102648,5.163120631704502e-11,-2.3199243157680263
0.5654866776461628,5.095361778364902e-11,-2.26875075786558
0.5969026041820608,5.0246169486154796e-11,-2.2170333503821458
0.6283185307179587,4.9510437699737366e-11,-2.1647249647386304
0.6597344572538567,4.8748115270520654e-11,-2.1117753487130617
0.6911503837897547,4.796101825285734e-11,-2.0581308857974077
0.7225663103256527,4.71510933229574e-11,-2.003734357620828
0.7539822368615506,4.6320426019873455e-11,-1.9485247168808852
0.7853981633974486,4.5471249853662945e-11,-1.8924368809918914
0.8168140899333466,4.4605956301752644e-11,-1.835401560179493
0.8482300164692446,4.372710568562259e-11,-1.777345138174446
0.8796459430051425,4.2837438877134947e-11,-1.718189629130665
0.9110618695410405,4.193988972297269e-11,-1.6578527410424129
0.9424777960769385,4.1037597991343733e-11,-1.5962480838325988
0.9738937226128365,4.013392253117284e-11,-1.533285569384036
1.0053096491487343,3.923245418373869e-11,-1.468872060846649
1.0367255756846323,3.833702779336595e-11,-1.4029123390135014
1.0681415022205303,3.745173242174079e-11,-1.3353104633741166
1.0995574287564283,3.6580918577344084e-11,-1.2659716129087146
1.1309733552923262,3.572920093087386e-11,-1.1948044941764677
1.1623892818282242,3.49014546132998e-11,-1.1217243981191822
1.1938052083641222,3.4102802814778887e-11,-1.0466569675030986
1.2252211349000202,3.3338593071009126e-11,-0.9695426984890568
1.2566370614359181,3.261435941658117e-11,-0.8903421368447492
1.288052987971816,3.193576760886479e-11,-0.8090416376529429
1.319468914507714,3.1308541010657716e-11,-0.725659436761316
1.350884841043612,3.0738365600385184e-11,-0.6402516393942765
1.38230076757951,3.023077406208605e-11,-0.5529175832002304
1.413716694115408,2.9791011022013574e-11,-0.46380390834863333
1.445132620651306,2.9423884136086184e-11,-0.3731066051789707
1.476548547187204,2.9133608600142756e-11,-0.28107035249723866
1.507964473723102,2.8923655270439843e-11,-0.18798463915025773
1.539380400259,2.8796614335521918e-11,-0.09417648389084995
1.570796326794898,2.8754086779157108e-11,0
1.6022122533307959,2.8796614335521976e-11,0.09417648389087863
1.6336281798666938,2.8923655270439856e-11,0.18798463915026492
1.6650441064025918,2.9133608600142756e-11,0.28107035249723866
1.6964600329384898,2.942388413608613e-11,0.3731066051789714
1.7278759594743878,2.979101102201359e-11,0.4638039083486407
1.7592918860102857,3.023077406208605e-11,0.5529175832002304
1.7907078125461837,3.0738365600385475e-11,0.6402516393943032
1.8221237390820817,3.1308541010657716e-11,0.725659436761316
1.8535396656179797,3.1935767608864935e-11,0.8090416376529473
1.8849555921538776,3.2614359416580984e-11,0.8903421368447464
1.9163715186897756,3.3338593071009236e-11,0.9695426984890628
1.9477874452256736,3.4102802814779165e-11,1.0466569675031208
1.9792033717615716,3.4901454613299613e-11,1.1217243981191798
2.0106192982974695,3.572920093087383e-11,1.1948044941764704
2.0420352248333673,3.6580918577344084e-11,1.2659716129087146
2.073451151369265,3.7451732421740764e-11,1.3353104633741195
2.104867077905163,3.833702779336576e-11,1.4029123390134979
2.1362830044410606,3.923245418373869e-11,1.468872060846649
2.1676989309769583,4.013392253117284e-11,1.533285569384036
2.199114857512856,4.103759799134394e-11,1.5962480838326012
2.230530784048754,4.193988972297334e-11,1.6578527410424215
2.2619467105846516,4.2837438877134947e-11,1.718189629130665
2.2933626371205493,4.372710568562284e-11,1.7773451381744498
2.324778563656447,4.460595630175183e-11,1.8354015601794789
2.356194490192345,4.547124985366242e-11,1.8924368809918857
2.3876104167282426,4.6320426019873455e-11,1.9485247168808852
2.4190263432641403,4.715109332295676e-11,2.0037343576208246
2.450442269800038,4.796101825285809e-11,2.058130885797414
2.481858196335936,4.8748115270520815e-11,2.1117753487130546
2.5132741228718336,4.951043769973786e-11,2.164724964738634
2.5446900494077314,5.024616948615468e-11,2.217033350382142
2.576105975943629,5.09536177836491e-11,2.2687507578655786
2.607521902479527,5.163120631704496e-11,2.3199243157680223
2.6389378290154246,5.22774694642722e-11,2.370598267442912
2.6703537555513224,5.289104699901765e-11,2.4208142035692943
2.70176968208722,5.34706794353747e-11,2.470611286453334
2.733185608623118,5.4015203918230445e-11,2.5200264646417825
2.7646015351590156,5.452355060641229e-11,2.5690946771122998
2.7960174616949134,5.49947394994617e-11,2.6178490468215747
2.827433388230811,5.542787766315256e-11,2.6663210637658845
2.858849314766709,5.582215681312028e-11,2.7145407579735217
2.8902652413026066,5.6176851220227815e-11,2.7625368630327456
2.9216811678385044,5.649131590535936e-11,2.8103369708823998
2.953097094374402,5.6764985095271375e-11,2.857967678672228
2.9845130209103,5.69973709148206e-11,2.905454728548265
3.0159289474461977,5.7188062294347385e-11,2.952823141244683
3.0473448739820954,5.7336724074311885e-11,3.000097344375152
3.078760800517993,5.7443096292343123e-11,3.047301296318616
3.110176727053891,5.7506993640801866e-11,3.0944586065911457
3.1415926535897887,5.752830508573407e-11,3.1415926535897865